547 MOVE 465 612 
562 MOVE 465 609 
578 MOVE 465 606 
593 MOVE 465 600 
609 MOVE 462 594 
625 MOVE 462 588 
625 MOVE 462 579 
640 MOVE 462 567 
656 MOVE 462 558 
656 MOVE 462 549 
672 MOVE 462 540 
672 MOVE 462 531 
687 MOVE 462 522 
703 MOVE 462 513 
718 MOVE 462 507 
718 MOVE 462 498 
734 MOVE 462 489 
750 MOVE 465 480 
765 MOVE 465 471 
765 MOVE 468 462 
781 MOVE 471 450 
797 MOVE 477 438 
797 MOVE 483 426 
812 MOVE 492 414 
828 MOVE 498 402 
828 MOVE 507 393 
843 MOVE 516 384 
859 MOVE 525 372 
859 MOVE 537 366 
875 MOVE 549 360 
890 MOVE 558 354 
890 MOVE 570 348 
906 MOVE 582 345 
906 MOVE 591 342 
922 MOVE 603 339 
937 MOVE 612 339 
937 MOVE 618 339 
953 MOVE 624 339 
968 MOVE 630 339 
984 MOVE 636 342 
1000 MOVE 642 345 
1015 MOVE 651 348 
1015 MOVE 660 351 
1031 MOVE 669 354 
1047 MOVE 678 357 
1047 MOVE 687 363 
1062 MOVE 693 369 
1062 MOVE 699 375 
1078 MOVE 705 384 
1093 MOVE 708 390 
1093 MOVE 711 399 
1109 MOVE 714 408 
1109 MOVE 717 417 
1125 MOVE 720 429 
1140 MOVE 723 441 
1156 MOVE 726 450 
1156 MOVE 729 459 
1172 MOVE 729 468 
1187 MOVE 729 474 
1203 MOVE 729 480 
1203 MOVE 729 489 
1218 MOVE 726 495 
1234 MOVE 720 501 
1234 MOVE 717 507 
1250 MOVE 711 510 
1265 MOVE 705 516 
1281 MOVE 696 522 
1281 MOVE 687 525 
1297 MOVE 678 528 
1312 MOVE 669 528 
1312 MOVE 657 531 
1328 MOVE 645 531 
1328 MOVE 633 531 
1343 MOVE 621 531 
1359 MOVE 591 531 
1359 MOVE 579 531 
1375 MOVE 567 531 
1390 MOVE 555 528 
1390 MOVE 546 522 
1406 MOVE 537 519 
1422 MOVE 528 513 
1422 MOVE 522 504 
1437 MOVE 519 492 
1453 MOVE 516 480 
1453 MOVE 516 468 
1468 MOVE 516 456 
1484 MOVE 516 444 
1484 MOVE 516 432 
1500 MOVE 516 423 
1515 MOVE 516 411 
1515 MOVE 516 402 
1531 MOVE 516 393 
1531 MOVE 516 384 
1547 MOVE 519 375 
1562 MOVE 522 366 
1578 MOVE 528 360 
1593 MOVE 531 357 
1609 MOVE 537 357 
1609 MOVE 543 354 
1625 MOVE 549 354 
1640 MOVE 558 354 
1656 MOVE 567 354 
1656 MOVE 579 354 
1672 MOVE 591 354 
1687 MOVE 603 354 
1687 MOVE 615 354 
1703 MOVE 627 360 
1718 MOVE 639 363 
1718 MOVE 648 366 
1734 MOVE 654 372 
1734 MOVE 663 375 
1750 MOVE 669 381 
1765 MOVE 672 390 
1765 MOVE 675 399 
1781 MOVE 678 408 
1797 MOVE 681 417 
1812 MOVE 684 429 
1812 MOVE 684 438 
1828 MOVE 684 447 
1828 MOVE 684 456 
1843 MOVE 678 465 
1859 MOVE 675 474 
1875 MOVE 672 480 
1875 MOVE 669 486 
1890 MOVE 663 489 
1906 MOVE 660 492 
1906 MOVE 654 495 
1922 MOVE 648 495 
1937 MOVE 642 498 
1953 MOVE 636 498 
1953 MOVE 630 498 
1968 MOVE 624 498 
1984 MOVE 618 498 
1984 MOVE 612 498 
2000 MOVE 606 498 
2015 MOVE 603 495 
2031 MOVE 600 492 
2031 MOVE 600 486 
2047 MOVE 597 486 
2047 MOVE 594 483 
2062 MOVE 594 477 
2078 MOVE 591 474 
2093 MOVE 591 468 
2093 MOVE 588 462 
2109 MOVE 588 456 
2125 MOVE 588 450 
2140 MOVE 588 444 
2156 MOVE 591 438 
2172 MOVE 594 432 
2172 MOVE 597 426 
2187 MOVE 597 423 
2203 MOVE 600 420 
2218 MOVE 603 414 
2218 MOVE 606 411 
2250 MOVE 612 411 
2328 MOVE 615 408 
2343 MOVE 618 408 
2640 MOVE 621 411 
2656 MOVE 621 414 
2672 MOVE 621 420 
2843 RB_DOWN 618 420 
3015 RB_UP 618 420 
3578 MOVE 618 420 
3593 MOVE 615 420 
3625 MOVE 615 423 
3640 MOVE 612 423 
3672 MOVE 609 426 
3687 MOVE 606 429 
3703 MOVE 600 432 
3718 MOVE 591 432 
3734 MOVE 588 435 
3734 MOVE 582 438 
3750 MOVE 576 441 
3750 MOVE 573 447 
3765 MOVE 567 450 
3781 MOVE 564 456 
3797 MOVE 558 465 
3797 MOVE 555 471 
3812 MOVE 555 474 
3843 MOVE 555 480 
3859 MOVE 555 483 
3875 MOVE 552 483 
3968 LB_DOWN 552 486 
4078 LB_UP 552 486 
4140 MOVE 552 486 
4140 MOVE 552 492 
4156 MOVE 552 498 
4172 MOVE 552 507 
4187 MOVE 552 519 
4187 MOVE 555 549 
4203 MOVE 555 579 
4203 MOVE 555 615 
4218 MOVE 555 657 
4218 MOVE 555 699 
4234 MOVE 555 747 
4250 MOVE 555 795 
4250 MOVE 555 843 
4265 MOVE 555 885 
4281 MOVE 555 927 
4281 MOVE 552 963 
4297 MOVE 546 999 
4312 MOVE 540 1023 
4312 MOVE 534 1023 
4328 MOVE 531 1023 
4343 MOVE 525 1023 
4343 MOVE 522 1023 
4359 MOVE 519 1023 
4359 MOVE 516 1023 
4375 MOVE 516 1023 
4390 MOVE 516 1023 
4390 MOVE 516 1023 
4406 MOVE 516 1023 
4422 MOVE 525 1023 
4437 MOVE 534 1023 
4437 MOVE 546 1023 
4453 MOVE 582 1023 
4468 MOVE 618 1023 
4468 MOVE 666 1023 
4484 MOVE 714 1023 
4484 MOVE 756 1023 
4500 MOVE 798 1020 
4515 MOVE 834 1011 
4515 MOVE 864 1005 
4531 MOVE 894 1002 
4547 MOVE 903 996 
4547 MOVE 909 990 
4562 MOVE 915 987 
4578 MOVE 921 984 
4578 MOVE 930 984 
4593 MOVE 939 981 
4609 MOVE 951 978 
4609 MOVE 963 975 
4625 MOVE 993 969 
4640 MOVE 1023 969 
4640 MOVE 1053 969 
4656 MOVE 1065 966 
4656 MOVE 1074 966 
4672 MOVE 1083 966 
4687 MOVE 1086 966 
4750 MOVE 1089 966 
4765 MOVE 1089 969 
4781 MOVE 1092 972 
4781 MOVE 1095 975 
4797 MOVE 1101 978 
4812 MOVE 1110 981 
4812 MOVE 1119 984 
4828 MOVE 1131 987 
4843 MOVE 1161 990 
4843 MOVE 1191 990 
4859 MOVE 1221 990 
4875 MOVE 1230 990 
4890 MOVE 1239 990 
4890 MOVE 1248 990 
4906 MOVE 1257 990 
4922 MOVE 1263 990 
4937 MOVE 1266 990 
4984 MOVE 1269 990 
5000 MOVE 1272 990 
5031 MOVE 1275 990 
5047 MOVE 1278 990 
5125 MOVE 1279 990 
5156 MOVE 1279 993 
5172 MOVE 1276 996 
5203 MOVE 1273 996 
5265 MOVE 1270 996 
5281 MOVE 1270 999 
5328 MOVE 1267 999 
5515 LB_DOWN 1264 999 
5625 LB_UP 1264 999 
5828 LB_DOWN 1264 999 
5937 LB_UP 1264 999 
6125 MOVE 1264 999 
6140 MOVE 1261 999 
6140 MOVE 1258 999 
6156 MOVE 1252 996 
6172 MOVE 1243 996 
6172 MOVE 1237 990 
6187 MOVE 1225 984 
6203 MOVE 1216 975 
6203 MOVE 1186 966 
6218 MOVE 1150 954 
6234 MOVE 1108 924 
6234 MOVE 1060 894 
6250 MOVE 1006 858 
6250 MOVE 964 828 
6265 MOVE 934 819 
6281 MOVE 892 783 
6281 MOVE 850 741 
6297 MOVE 808 711 
6297 MOVE 760 681 
6312 MOVE 718 651 
6328 MOVE 676 615 
6328 MOVE 640 603 
6343 MOVE 604 573 
6359 MOVE 574 561 
6359 MOVE 562 549 
6375 MOVE 550 537 
6390 MOVE 547 528 
6406 MOVE 544 522 
6422 MOVE 541 519 
6437 MOVE 541 513 
6437 MOVE 538 510 
6453 MOVE 532 504 
6468 MOVE 526 504 
6484 MOVE 523 501 
6500 MOVE 526 537 
6515 MOVE 526 528 
6562 MOVE 526 525 
6578 MOVE 532 531 
6593 MOVE 541 540 
6609 MOVE 550 543 
6625 MOVE 553 543 
6656 MOVE 556 546 
6672 MOVE 553 546 
6703 MOVE 553 549 
6718 MOVE 553 555 
6734 MOVE 553 558 
6750 MOVE 556 564 
6765 MOVE 556 567 
6765 MOVE 556 573 
6781 MOVE 556 579 
6797 MOVE 556 585 
6797 MOVE 559 591 
6812 MOVE 559 597 
6828 MOVE 559 603 
6843 MOVE 559 609 
6843 MOVE 559 615 
6859 MOVE 559 618 
6875 MOVE 559 621 
6890 MOVE 559 627 
7140 MOVE 562 630 
7265 MOVE 565 630 
7843 LB_DOWN 565 627 
7968 LB_UP 565 627 
8703 MOVE 565 627 
8734 MOVE 568 624 
9047 MOVE 571 624 
9062 MOVE 568 624 
9125 MOVE 568 621 
10718 MOVE 565 621 
10797 MOVE 565 618 
10828 MOVE 565 615 
10875 MOVE 565 612 
10937 MOVE 565 609 
10937 MOVE 565 606 
10953 MOVE 565 603 
10968 MOVE 565 600 
11000 MOVE 565 594 
11000 MOVE 565 591 
11015 MOVE 565 585 
11031 MOVE 565 582 
11047 MOVE 565 576 
11047 MOVE 562 567 
11062 MOVE 562 558 
11078 MOVE 562 549 
11078 MOVE 562 537 
11093 MOVE 562 525 
11109 MOVE 562 513 
11109 MOVE 562 501 
11125 MOVE 562 489 
11140 MOVE 562 477 
11140 MOVE 562 468 
11156 MOVE 562 459 
11172 MOVE 562 453 
11187 MOVE 562 447 
11203 MOVE 559 441 
11234 MOVE 556 438 
11297 MOVE 556 435 
11297 MOVE 556 432 
11343 MOVE 553 432 
11390 MOVE 553 429 
11406 MOVE 550 429 
11422 MOVE 550 426 
11437 MOVE 550 423 
11453 MOVE 547 420 
11484 MOVE 547 417 
11531 MOVE 547 414 
11562 MOVE 547 411 
11593 MOVE 547 408 
12484 MOVE 544 405 
12500 MOVE 538 399 
12515 MOVE 532 399 
12515 MOVE 526 399 
12531 MOVE 520 396 
12547 MOVE 514 396 
12562 MOVE 508 396 
12562 MOVE 505 396 
12687 LB_DOWN 502 396 
12765 MOVE 502 396 
12781 MOVE 505 396 
12781 MOVE 508 396 
12797 MOVE 514 396 
12812 MOVE 523 396 
12828 MOVE 529 396 
12828 MOVE 532 396 
12843 MOVE 535 396 
12859 MOVE 538 396 
12906 MOVE 541 396 
12922 MOVE 544 396 
12953 MOVE 550 396 
12968 MOVE 553 396 
12984 MOVE 556 396 
13000 MOVE 559 396 
13000 LB_UP 562 396 
13031 MOVE 562 396 
13047 MOVE 565 396 
13203 MOVE 568 396 
13281 MOVE 571 396 
13297 MOVE 571 399 
13297 LB_DOWN 571 402 
13328 MOVE 571 402 
13375 MOVE 571 405 
13468 LB_UP 574 408 
13500 MOVE 574 408 
13531 MOVE 574 411 
13562 MOVE 574 414 
13578 MOVE 577 414 
13609 MOVE 577 417 
13640 MOVE 577 423 
13656 MOVE 580 426 
13672 MOVE 580 429 
13703 MOVE 583 432 
15984 MOVE 586 435 
16000 MOVE 586 438 
16047 MOVE 586 441 
16703 MOVE 586 444 
17093 MOVE 586 447 
17109 MOVE 586 450 
18703 MOVE 589 450 
18718 MOVE 592 456 
18750 MOVE 592 462 
18765 MOVE 592 465 
18781 MOVE 592 468 
19172 MOVE 592 471 
19531 MOVE 595 471 
19547 MOVE 598 471 
19562 MOVE 601 471 
19578 MOVE 604 468 
19609 MOVE 607 465 
19750 LB_DOWN 610 462 
19875 LB_UP 610 462 
20078 MOVE 610 462 
20093 MOVE 616 462 
20109 MOVE 619 462 
20109 MOVE 622 462 
20234 MOVE 625 462 
20234 MOVE 628 462 
20250 MOVE 634 462 
20265 MOVE 640 462 
20281 MOVE 649 462 
20281 MOVE 658 462 
20297 MOVE 670 462 
20312 MOVE 679 462 
20312 MOVE 691 462 
20328 MOVE 703 462 
20343 MOVE 712 462 
20343 MOVE 721 462 
20359 MOVE 730 465 
20375 MOVE 739 471 
20390 MOVE 748 477 
20390 MOVE 754 480 
20406 MOVE 760 486 
20422 MOVE 763 495 
20437 MOVE 766 504 
20453 MOVE 766 513 
20453 MOVE 766 525 
20468 MOVE 763 537 
20468 MOVE 757 549 
20484 MOVE 748 561 
20500 MOVE 739 591 
20500 MOVE 727 597 
20515 MOVE 718 603 
20531 MOVE 709 606 
20531 MOVE 703 609 
20547 MOVE 700 609 
20562 MOVE 694 606 
20578 MOVE 691 597 
20578 MOVE 688 591 
20593 MOVE 685 582 
20609 MOVE 682 573 
20609 MOVE 679 561 
20625 MOVE 673 552 
20625 MOVE 673 543 
20640 MOVE 670 534 
20656 MOVE 667 528 
20672 MOVE 664 522 
20687 MOVE 664 516 
20703 MOVE 664 510 
20703 MOVE 664 504 
20718 MOVE 664 498 
20750 MOVE 664 492 
20765 MOVE 664 486 
20781 MOVE 667 486 
20828 MOVE 667 483 
20843 MOVE 667 480 
20859 MOVE 670 477 
20875 MOVE 670 474 
20890 MOVE 670 468 
20906 MOVE 673 465 
20906 MOVE 673 459 
20922 MOVE 673 453 
20937 MOVE 673 447 
20953 MOVE 673 438 
20953 MOVE 673 429 
20968 MOVE 670 420 
20984 MOVE 667 411 
20984 MOVE 664 402 
21000 MOVE 661 396 
21015 MOVE 658 387 
21015 MOVE 655 378 
21031 MOVE 649 372 
21047 MOVE 646 366 
21047 MOVE 640 363 
21062 MOVE 634 357 
21078 MOVE 628 357 
21093 MOVE 622 357 
21093 MOVE 616 354 
21109 MOVE 607 351 
21125 MOVE 598 348 
21125 MOVE 589 345 
21140 MOVE 580 342 
21156 MOVE 571 342 
21172 MOVE 562 342 
21172 MOVE 553 342 
21187 MOVE 544 342 
21203 MOVE 535 342 
21203 MOVE 526 342 
21218 MOVE 517 342 
21234 MOVE 508 342 
21250 MOVE 499 342 
21250 MOVE 496 342 
21328 MOVE 490 342 
21343 MOVE 490 351 
21359 MOVE 490 360 
21359 MOVE 493 372 
21375 MOVE 499 408 
21375 MOVE 505 450 
21390 MOVE 514 492 
21406 MOVE 520 540 
21406 MOVE 526 588 
21422 MOVE 526 642 
21422 MOVE 526 696 
21437 MOVE 526 750 
21453 MOVE 526 798 
21453 MOVE 526 846 
21468 MOVE 526 894 
21468 MOVE 523 936 
21484 MOVE 517 972 
21500 MOVE 514 1002 
21500 MOVE 511 1014 
21515 MOVE 508 1023 
21562 MOVE 505 1023 
21578 MOVE 496 1020 
21578 MOVE 487 1017 
21593 MOVE 475 1017 
21609 MOVE 445 1017 
21609 MOVE 433 1017 
21625 MOVE 424 1017 
21640 MOVE 415 1017 
21640 MOVE 409 1017 
21750 MOVE 406 1017 
21765 MOVE 400 1011 
21765 MOVE 394 1008 
21781 MOVE 382 1005 
21797 MOVE 370 1002 
21797 MOVE 340 1002 
21812 MOVE 310 1002 
21828 MOVE 280 1002 
21828 MOVE 250 1002 
21843 MOVE 238 1002 
21859 MOVE 229 1002 
21875 MOVE 223 1002 
21922 MOVE 220 1002 
21922 MOVE 226 1002 
21937 MOVE 238 1005 
21953 MOVE 268 1008 
21953 MOVE 304 1008 
21968 MOVE 340 1008 
21968 MOVE 382 1008 
21984 MOVE 418 1008 
22000 MOVE 454 1008 
22000 MOVE 490 1008 
22015 MOVE 532 1008 
22015 MOVE 568 1008 
22031 MOVE 604 1008 
22047 MOVE 634 1008 
22047 MOVE 664 1008 
22062 MOVE 676 1008 
22078 MOVE 685 1005 
22078 MOVE 691 1002 
22093 MOVE 697 1002 
22109 MOVE 703 1002 
22109 MOVE 709 1002 
22140 MOVE 715 1002 
22156 MOVE 721 1002 
22172 MOVE 724 1002 
22187 MOVE 730 999 
22187 MOVE 736 999 
22203 MOVE 742 999 
22218 MOVE 748 996 
22234 MOVE 751 996 
22359 MOVE 754 993 
22453 LB_DOWN 757 990 
22578 LB_UP 757 990 
22843 MOVE 757 990 
22843 MOVE 760 987 
22968 LB_DOWN 763 987 
23109 LB_UP 763 987 
23547 LB_DOWN 763 987 
23640 LB_UP 763 987 
